21839
31038
1989
3589
5269
28375
24328
27017
10955
9155
10643
31561
24440
109
28279
23824
23093
3591
17121
11171
23716
14504
22713
22681
2598
24254
16723
7682
31448
23687
27909
5226
7474
2850
20853
25622
6284
1784
18280
8003
14006
18837
17395
9096
26106
17765
6672
18948
26790
14433
11632
28124
4858
31835
18193
22117
7975
1649
14197
21830
28542
1616
3445
32665
11271
25554
27691
7876
7191
19144
27286
26855
25866
7569
25454
22379
3883
22292
21203
21306
23043
31053
25192
27637
6180
25196
13072
17579
17910
7654
20898
32607
30240
2182
21469
3588
14401
31124
14969
13127